4	3	70	0.588345864661654	0.430677499672389	0.497314065219036
5	3	70	0.59418155035905	0.422880356440833	0.494105037513398
6	3	70	0.594511549057004	0.367645131699646	0.454331983805668
4	5	70	0.602312753372765	0.593827807626785	0.598040186083342
5	5	70	0.640052072032979	0.579871576464421	0.608477431331431
6	5	70	0.654175031600863	0.576464421438868	0.612866148862805
4	7	70	0.689330297558295	0.57528502162233	0.627165255901997
5	7	70	0.695709622260221	0.586489319879439	0.636447667804323
6	7	70	0.707464799811217	0.589306774996724	0.643002680965147
4	3	100	0.589571829455961	0.426746166950596	0.495115739860884
5	3	100	0.592943122300836	0.422814834228804	0.493631669535284
6	3	100	0.594465648854962	0.367383042851527	0.454118409330202
4	5	100	0.608054414438683	0.59160005241777	0.59971439009
5	5	100	0.604758096761295	0.594614074171144	0.599643187524779
6	5	100	0.648533411747409	0.578036954527585	0.611259310583752
4	7	100	0.690887759092687	0.578757698859913	0.629871287481727
5	7	100	0.696450809464508	0.58629275324335	0.63664176449662
6	7	100	0.706838344979195	0.589896474904993	0.643094396228437
4	3	150	0.593524843267521	0.415607390905517	0.488882037843462
5	3	150	0.592895171654122	0.423207967500983	0.493882856705918
6	3	150	0.594508639881268	0.367448565063557	0.454181008301276
4	5	150	0.602612810771179	0.592386318962128	0.597455807037832
5	5	150	0.634501463136107	0.582492464945617	0.607385645475353
6	5	150	0.645628935422463	0.577774865679465	0.609820193637621
4	7	150	0.687671447605612	0.574891888350151	0.626244602262589
5	7	150	0.69266625233064	0.584196042458393	0.633823843036895
6	7	150	0.705604534005038	0.587341108635828	0.641064149324179
